# BLOSUM62 computed by lamp-blosum-matrix (counting=plain, clustering=n/a, identity=0.62, unit=half_bits); blocks_seen=2368, blocks_kept=2368
     A   R   N   D   C   Q   E   G   H   I   L   K   M   F   P   S   T   W   Y   V
A    7  -5  -3  -2  -2  -3  -5  -3  -3  -3  -2  -4  -2  -4  -5  -2  -2  -3  -5  -2
R   -5   6  -4  -4  -5  -2  -6  -6  -4  -6  -6  -4  -5  -6  -4  -6  -6  -4  -3  -6
N   -3  -4  10   1  -4  -2  -4  -4  -3  -4  -8  -4  -3  -9  -7  -2  -4  -5  -2  -6
D   -2  -4   1  12  -6  -5  -2  -4  -8  -7  -7  -5  -6  -9  -7  -3  -3  -7  -7  -7
C   -2  -5  -4  -6   9  -4  -6  -5  -7  -7  -8  -7 -11  -7  -6  -3  -3  -5  -5  -5
Q   -3  -2  -2  -5  -4  12   0  -4  -3  -4  -6  -3  -3  -9  -1  -5  -2  -3  -4  -4
E   -5  -6  -4  -2  -6   0  11  -4  -4  -5  -5  -4  -4  -7  -7  -2  -3  -7  -8  -6
G   -3  -6  -4  -4  -5  -4  -4   8  -6  -5  -6  -4  -4  -6  -4  -3  -5  -4  -6  -5
H   -3  -4  -3  -8  -7  -3  -4  -6  11  -7  -8  -3  -8  -6  -3  -5  -2  -7  -3  -7
I   -3  -6  -4  -7  -7  -4  -5  -5  -7   7  -3  -6  -2  -4  -6  -4  -6  -5  -8  -1
L   -2  -6  -8  -7  -8  -6  -5  -6  -8  -3   6  -5   0  -4  -7  -5  -6  -5  -8  -4
K   -4  -4  -4  -5  -7  -3  -4  -4  -3  -6  -5   5  -5  -4  -7  -3  -4  -5  -7  -5
M   -2  -5  -3  -6 -11  -3  -4  -4  -8  -2   0  -5  14  -7  -9  -6  -2  -4 -12  -2
F   -4  -6  -9  -9  -7  -9  -7  -6  -6  -4  -4  -4  -7   8  -7  -7  -7  -2  -4  -4
P   -5  -4  -7  -7  -6  -1  -7  -4  -3  -6  -7  -7  -9  -7   8  -4  -8  -6  -5  -8
S   -2  -6  -2  -3  -3  -5  -2  -3  -5  -4  -5  -3  -6  -7  -4   9  -1  -6  -5  -5
T   -2  -6  -4  -3  -3  -2  -3  -5  -2  -6  -6  -4  -2  -7  -8  -1   9  -7  -5  -3
W   -3  -4  -5  -7  -5  -3  -7  -4  -7  -5  -5  -5  -4  -2  -6  -6  -7   9  -2  -6
Y   -5  -3  -2  -7  -5  -4  -8  -6  -3  -8  -8  -7 -12  -4  -5  -5  -5  -2  10  -6
V   -2  -6  -6  -7  -5  -4  -6  -5  -7  -1  -4  -5  -2  -4  -8  -5  -3  -6  -6   8
