# AMPBLOSUM62 computed by blosum-matrix (canonical Henikoff; clustering=exact, identity=0.62, unit=half_bits, round_int=False); blocks_dir=data/hydramp/dbaasp/blosum_blocks, glob=len_*.fasta; blocks_seen=16, blocks_kept=16
           A         R         N         D         C         Q         E         G         H         I         L         K         M         F         P         S         T         W         Y         V
A   0.273406 -0.142108  0.013938  0.073557  0.088398  0.085533  0.209393  0.035643 -0.182586 -0.002348 -0.073742 -0.069270  0.126174 -0.044621  0.136290  0.064779  0.115671 -0.439994  0.114312  0.203270
R  -0.142108  0.102376  0.001635  0.062932  0.054635 -0.064981 -0.002984 -0.079936  0.045814 -0.054543  0.036083  0.074440 -0.029061  0.043318 -0.072030 -0.100936 -0.161064  0.149970  0.037051 -0.147903
N   0.013938  0.001635  0.160410 -0.178171  0.209387  0.149629  0.020251 -0.010333  0.231812  0.033461 -0.028877 -0.005175 -0.110682 -0.132405  0.215238 -0.109801  0.181857 -0.115929 -0.011399 -0.110965
D   0.073557  0.062932 -0.178171  1.017206 -0.449098 -0.257482  0.268959  0.034475 -0.063964 -0.239324 -0.197410  0.050737  0.360426  0.157833 -0.216466  0.461982  0.234214 -0.047783 -0.157797 -0.089215
C   0.088398  0.054635  0.209387 -0.449098  1.104708  0.181948  0.116913 -0.215711  0.303284 -0.109040  0.013057  0.064058 -0.149542 -0.192920  0.053769 -0.232933 -0.110550 -0.255326  0.079122 -0.153819
Q   0.085533 -0.064981  0.149629 -0.257482  0.181948  0.064701  0.150623 -0.024559  0.344788 -0.049224 -0.081482  0.011241  0.084560 -0.198142  0.157704  0.086501  0.123722 -0.062823 -0.010568  0.018261
E   0.209393 -0.002984  0.020251  0.268959  0.116913  0.150623  0.590966  0.168378  0.140633 -0.292865 -0.190275 -0.096619 -0.041886  0.005214  0.134857  0.227804  0.194787 -0.444514  0.154569  0.134196
G   0.035643 -0.079936 -0.010333  0.034475 -0.215711 -0.024559  0.168378  0.616070  0.040730 -0.191568 -0.238223 -0.034017 -0.047644  0.365377  0.057572  0.169065 -0.038076 -0.281804 -0.242402 -0.145083
H  -0.182586  0.045814  0.231812 -0.063964  0.303284  0.344788  0.140633  0.040730  0.351482 -0.100647 -0.093616  0.095792 -0.015683 -0.208084  0.144363 -0.066057 -0.071702  0.102074  0.116779 -0.213681
I  -0.002348 -0.054543  0.033461 -0.239324 -0.109040 -0.049224 -0.292865 -0.191568 -0.100647  0.204740  0.172874 -0.097037 -0.014533  0.036069 -0.073956 -0.137986 -0.073859  0.109006  0.057106  0.136168
L  -0.073742  0.036083 -0.028877 -0.197410  0.013057 -0.081482 -0.190275 -0.238223 -0.093616  0.172874  0.233571 -0.044603 -0.137702 -0.135023 -0.029901 -0.194986 -0.137331  0.206219  0.003467 -0.003790
K  -0.069270  0.074440 -0.005175  0.050737  0.064058  0.011241 -0.096619 -0.034017  0.095792 -0.097037 -0.044603  0.128236 -0.040783 -0.134255 -0.031556 -0.048641  0.028544  0.174472  0.005644 -0.147753
M   0.126174 -0.029061 -0.110682  0.360426 -0.149542  0.084560 -0.041886 -0.047644 -0.015683 -0.014533 -0.137702 -0.040783  0.184515  0.045801  0.004291  0.097602  0.074306  0.096292  0.030058  0.124473
F  -0.044621  0.043318 -0.132405  0.157833 -0.192920 -0.198142  0.005214  0.365377 -0.208084  0.036069 -0.135023 -0.134255  0.045801  0.577288 -0.216997  0.062505 -0.116565 -0.077926 -0.234894 -0.051071
P   0.136290 -0.072030  0.215238 -0.216466  0.053769  0.157704  0.134857  0.057572  0.144363 -0.073956 -0.029901 -0.031556  0.004291 -0.216997  0.331516  0.087292  0.159964 -0.339688 -0.056529  0.025070
S   0.064779 -0.100936 -0.109801  0.461982 -0.232933  0.086501  0.227804  0.169065 -0.066057 -0.137986 -0.194986 -0.048641  0.097602  0.062505  0.087292  0.531168  0.375316 -0.458844 -0.110404  0.191870
T   0.115671 -0.161064  0.181857  0.234214 -0.110550  0.123722  0.194787 -0.038076 -0.071702 -0.073859 -0.137331  0.028544  0.074306 -0.116565  0.159964  0.375316  0.091287 -0.324739 -0.044587  0.238502
W  -0.439994  0.149970 -0.115929 -0.047783 -0.255326 -0.062823 -0.444514 -0.281804  0.102074  0.109006  0.206219  0.174472  0.096292 -0.077926 -0.339688 -0.458844 -0.324739  0.878401 -0.210007 -0.313122
Y   0.114312  0.037051 -0.011399 -0.157797  0.079122 -0.010568  0.154569 -0.242402  0.116779  0.057106  0.003467  0.005644  0.030058 -0.234894 -0.056529 -0.110404 -0.044587 -0.210007  0.385247  0.248573
V   0.203270 -0.147903 -0.110965 -0.089215 -0.153819  0.018261  0.134196 -0.145083 -0.213681  0.136168 -0.003790 -0.147753  0.124473 -0.051071  0.025070  0.191870  0.238502 -0.313122  0.248573  0.402567
